ofdb	i	m	e	eb	ob
1.2495	24	6	3	10	3
1.2730	21	8	1	9	5
1.2635	20	7	2	9	5
1.2579	26	5	3	5	1
1.2838	30	5	1	9	4
1.2454	28	8	5	7	2
1.2426	21	8	7	8	1
1.2852	27	10	2	5	8
1.2569	29	10	4	6	6
1.2315	25	8	3	7	3
1.2351	27	10	5	8	3
1.2451	28	7	4	10	3
1.2444	23	6	4	7	2
1.2426	25	9	6	10	3
1.2724	27	6	3	9	2
1.2604	26	8	1	5	6
1.2643	22	9	8	8	1
1.2471	29	5	2	5	1
1.2538	24	10	5	7	3
1.2458	28	7	4	8	2
1.2431	29	8	3	6	4
1.2269	23	6	5	6	1
1.2473	22	5	3	5	1
1.2484	29	7	4	9	1
1.2449	30	7	6	8	1
1.2355	23	8	7	9	1
1.2478	30	10	7	9	2
1.2549	26	5	2	10	2
1.2522	29	9	2	7	7
1.2580	30	7	2	8	5
