ofdb	i	w1	w2	w3	f	pc
1.2013	29	0.14475739	0.22915423	0.6260884	0.63232076	0.972206
1.2013	28	6.405723e-2	0.5159816	0.41996115	0.83821493	0.21845022
1.2312	26	0.4033003	0.4352814	0.16141832	0.7738725	0.9844854
1.2550	21	0.5001782	0.27452952	0.22529227	0.8836191	0.29579484
1.2236	20	0.34673607	0.37140566	0.28185827	0.5124073	0.25130323
1.2382	26	7.320452e-2	0.21796352	0.70883197	0.851195	0.9768574
1.2013	24	0.6590557	5.556625e-2	0.28537804	0.5196562	1.1448741e-2
1.2013	21	0.55165493	0.2121718	0.23617327	0.51167417	0.39811313
1.2107	27	0.13173655	7.711762e-2	0.7911458	0.67291033	0.15104419
1.2013	21	0.25948733	0.7394909	1.0217428e-3	0.7784324	0.81095433
1.2031	25	4.2347133e-2	0.10846132	0.84919155	0.59858525	0.5803082
1.2013	29	0.28522363	0.6711197	4.3656707e-2	0.88556844	0.98873055
1.2128	28	0.63290143	8.600384e-2	0.28109473	0.7817858	0.17588535
1.2750	24	0.40296125	0.4958711	0.10116768	0.957901	0.6199318
1.2520	25	0.7646719	3.173378e-2	0.20359433	0.94082344	0.7837087
1.2013	30	0.15370047	0.10655737	0.73974216	0.6836617	0.8173609
1.2273	23	0.21211761	0.5249279	0.26295447	0.95678335	0.5612748
1.2013	23	0.46666652	0.4166549	0.116678596	0.6435487	0.3374322
1.2747	27	7.178354e-2	0.4045627	0.52365375	0.9438658	0.86852515
1.2150	30	0.2584712	0.44300944	0.29851937	0.90165603	0.23297146
1.2367	27	0.13911223	0.85574067	5.1470995e-3	0.94032025	0.72273475
1.2013	30	0.45583498	0.232117	0.31204802	0.5583916	0.7933334
1.2013	20	0.5471596	0.17293757	0.27990282	0.6651679	0.40160614
1.2022	22	0.2157611	0.17593214	0.60830677	0.9076534	0.47839317
1.0957	25	0.21426141	0.15546632	0.63027227	0.99470925	0.8504369
1.2013	23	0.17546415	0.41451108	0.41002476	0.8915965	0.19218695
1.2127	27	0.6736304	0.19576335	0.13060623	0.5193795	0.64542353
1.2345	29	0.105353355	0.54485965	0.349787	0.65089214	0.81107384
1.2016	26	0.36563647	0.4765808	0.15778273	0.5902901	0.120330304
1.2218	24	0.15221033	0.26313433	0.58465534	0.6503485	0.68931115
